Racc
0.000338446946894771
0.000000000000000000
0.000000000000000000
0.000000000000000000
0.001027577586241440
0.000000000000000000
0.000000000000000000
0.000000000000000000
0.000647497221182138

Rgyr
0.000045474887133496
0.000000000000000000
0.000000000000000000
0.000000000000000000
0.000014211801234233
0.000000000000000000
0.000000000000000000
0.000000000000000000
0.000020765100225141

Rmag
0.034956443877998726
0.000000000000000000
0.000000000000000000
0.000000000000000000
0.905808740709431626
0.000000000000000000
0.000000000000000000
0.000000000000000000
0.000045474887133496

acc0
-1.159038566894532440
-0.910410391845702716
8.836412585449224366

gyr0
-0.000021038972611626
0.001309209991882953
0.001266066782223671

mag0
-0.002825436817542503
-0.337131515202441223
0.000021038972611626

Rekf
0.000000000000000000
0.000000000000000000
0.000000000000000000
0.000000000000000000
0.000000000000000000
0.000000000000000000
0.000000000000000000
0.000000000000000000
0.000000000000000000
0.000000000000000000
0.000000000000000000
0.000000000000000000
0.000000000000000000
0.000000000000000000
0.000000000000000000
0.000000000000000000
0.000000000000000000
0.000000000000000000
0.000000000000000000
0.000000000000000000
0.000000000000000000
0.000000003401258353
0.000000000000000000
0.000000000000000000
0.000000000000000000
0.000000000000000000
0.000000000000000000
0.000000000000000000
0.000000000024755096
0.000000000000000000
0.000000000000000000
0.000000000000000000
0.000000000000000000
0.000000000000000000
0.000000000000000000
0.000000181839439390

ekf0
0.000000000000000000
0.000000000000000000
0.000000000000000000
-0.000002610775556119
-0.000000222731700600
0.000019089465528623

Racc
0.000352974950592009
0.000000000000000000
0.000000000000000000
0.000000000000000000
0.000778964582857816
0.000000000000000000
0.000000000000000000
0.000000000000000000
0.001355548206665725

Rgyr
0.000058964286095820
0.000000000000000000
0.000000000000000000
0.000000000000000000
0.000034790690568874
0.000000000000000000
0.000000000000000000
0.000000000000000000
0.000019363022092780

Rmag
1.419302312922675169
0.000000000000000000
0.000000000000000000
0.000000000000000000
1.224834961020349500
0.000000000000000000
0.000000000000000000
0.000000000000000000
0.000058964286095820

acc0
-1.140258021240233122
-0.899556163330079039
8.869414757080075873

gyr0
-0.000791225159862541
0.000887098959105395
0.001254082557318313

mag0
-0.428486079310290924
-0.393655707374131858
0.000791225159862541

Rekf
0.000000000000000000
0.000000000000000000
0.000000000000000000
0.000000000000000000
0.000000000000000000
0.000000000000000000
0.000000000000000000
0.000000000000000000
0.000000000000000000
0.000000000000000000
0.000000000000000000
0.000000000000000000
0.000000000000000000
0.000000000000000000
0.000000000000000000
0.000000000000000000
0.000000000000000000
0.000000000000000000
0.000000000000000000
0.000000000000000000
0.000000000000000000
0.000000369382095213
0.000000000000000000
0.000000000000000000
0.000000000000000000
0.000000000000000000
0.000000000000000000
0.000000000000000000
0.000000349565620672
0.000000000000000000
0.000000000000000000
0.000000000000000000
0.000000000000000000
0.000000000000000000
0.000000000000000000
0.000035511506316794

ekf0
0.000000000000000000
0.000000000000000000
0.000000000000000000
-0.000027207437949667
0.000026467570835934
0.000266768332678802

Racc
0.000124393891457999
0.000000000000000000
0.000000000000000000
0.000000000000000000
0.000246188552570664
0.000000000000000000
0.000000000000000000
0.000000000000000000
0.000951387030828152

Rgyr
0.000040872174435995
0.000000000000000000
0.000000000000000000
0.000000000000000000
0.000003295882809894
0.000000000000000000
0.000000000000000000
0.000000000000000000
0.000027246274623788

Rmag
6.066019373961517580
0.000000000000000000
0.000000000000000000
0.000000000000000000
1.767951091282487175
0.000000000000000000
0.000000000000000000
0.000000000000000000
0.000040872174435995

acc0
-0.246624741210937609
0.019505039062500014
8.866685632324205812

gyr0
0.000284958236638478
0.002132393084826446
0.001643170392578890

mag0
-0.894498275951320476
-0.478235476300180928
-0.000284958236638478

Rekf
0.000000000000000000
0.000000000000000000
0.000000000000000000
0.000000000000000000
0.000000000000000000
0.000000000000000000
0.000000000000000000
0.000000000000000000
0.000000000000000000
0.000000000000000000
0.000000000000000000
0.000000000000000000
0.000000000000000000
0.000000000000000000
0.000000000000000000
0.000000000000000000
0.000000000000000000
0.000000000000000000
0.000000000000000000
0.000000000000000000
0.000000000000000000
0.000000005666210299
0.000000000000000000
0.000000000000000000
0.000000000000000000
0.000000000000000000
0.000000000000000000
0.000000000000000000
0.000000002948474503
0.000000000000000000
0.000000000000000000
0.000000000000000000
0.000000000000000000
0.000000000000000000
0.000000000000000000
0.000002175922539657

ekf0
0.000000000000000000
0.000000000000000000
0.000000000000000000
0.000003369737506016
-0.000002430795453774
-0.000066034583452441

Racc
0.000566850170579248
0.000000000000000000
0.000000000000000000
0.000000000000000000
0.001363956541938617
0.000000000000000000
0.000000000000000000
0.000000000000000000
0.000857185301200859

Rgyr
0.000025936842311946
0.000000000000000000
0.000000000000000000
0.000000000000000000
0.000030535781341817
0.000000000000000000
0.000000000000000000
0.000000000000000000
0.000012214729826761

Rmag
3.483715051714477262
0.000000000000000000
0.000000000000000000
0.000000000000000000
1.007494063106853188
0.000000000000000000
0.000000000000000000
0.000000000000000000
0.000025936842311946

acc0
-0.248054567871093895
0.022377864990234368
9.760632659912108267

gyr0
-0.000292681403799708
0.000454601598076526
0.001513740763601039

mag0
-0.591302291968331950
-0.316573558469477545
0.000292681403799708

Rekf
0.000000000000000000
0.000000000000000000
0.000000000000000000
0.000000000000000000
0.000000000000000000
0.000000000000000000
0.000000000000000000
0.000000000000000000
0.000000000000000000
0.000000000000000000
0.000000000000000000
0.000000000000000000
0.000000000000000000
0.000000000000000000
0.000000000000000000
0.000000000000000000
0.000000000000000000
0.000000000000000000
0.000000000000000000
0.000000000000000000
0.000000000000000000
0.000000021186901068
0.000000000000000000
0.000000000000000000
0.000000000000000000
0.000000000000000000
0.000000000000000000
0.000000000000000000
0.000000000015779952
0.000000000000000000
0.000000000000000000
0.000000000000000000
0.000000000000000000
0.000000000000000000
0.000000000000000000
0.000010393798127835

ekf0
0.000000000000000000
0.000000000000000000
0.000000000000000000
-0.000006516035572037
0.000000177828991676
0.000144323438031391

Racc
0.001129106845947359
0.000000000000000000
0.000000000000000000
0.000000000000000000
0.000727028377319532
0.000000000000000000
0.000000000000000000
0.000000000000000000
0.001728736316964737

Rgyr
0.000036195643616517
0.000000000000000000
0.000000000000000000
0.000000000000000000
0.000037120410419718
0.000000000000000000
0.000000000000000000
0.000000000000000000
0.000028935727542910

Rmag
2.735983451015458812
0.000000000000000000
0.000000000000000000
0.000000000000000000
2.981616514508188320
0.000000000000000000
0.000000000000000000
0.000000000000000000
0.000036195643616517

acc0
-1.097809892578127222
0.025587191162109359
8.875038262939458633

gyr0
-0.001193362484464507
0.000576041743784140
0.001036235980149832

mag0
-0.554787311405401495
-0.578467576270410011
0.001193362484464507

Rekf
0.000000000000000000
0.000000000000000000
0.000000000000000000
0.000000000000000000
0.000000000000000000
0.000000000000000000
0.000000000000000000
0.000000000000000000
0.000000000000000000
0.000000000000000000
0.000000000000000000
0.000000000000000000
0.000000000000000000
0.000000000000000000
0.000000000000000000
0.000000000000000000
0.000000000000000000
0.000000000000000000
0.000000000000000000
0.000000000000000000
0.000000000000000000
0.000000017530452011
0.000000000000000000
0.000000000000000000
0.000000000000000000
0.000000000000000000
0.000000000000000000
0.000000000000000000
0.000000000133562848
0.000000000000000000
0.000000000000000000
0.000000000000000000
0.000000000000000000
0.000000000000000000
0.000000000000000000
0.000000774034543231

ekf0
0.000000000000000000
0.000000000000000000
0.000000000000000000
-0.000005927154996696
0.000000517359660123
0.000039384913727469

Racc
0.001351831947537452
0.000000000000000000
0.000000000000000000
0.000000000000000000
0.000763306925180699
0.000000000000000000
0.000000000000000000
0.000000000000000000
0.000775669641637412

Rgyr
0.000029140546692260
0.000000000000000000
0.000000000000000000
0.000000000000000000
0.000020774125693110
0.000000000000000000
0.000000000000000000
0.000000000000000000
0.000041515022869293

Rmag
3.217840390525844807
0.000000000000000000
0.000000000000000000
0.000000000000000000
1.239672086032492571
0.000000000000000000
0.000000000000000000
0.000000000000000000
0.000029140546692260

acc0
-1.058729161376952943
-0.782802553710937654
9.735396339111341391

gyr0
0.000474575306252120
0.001017061220301261
0.000726244029264609

mag0
-0.631045468748430594
-0.389653770080834849
-0.000474575306252120

Rekf
0.000000000000000000
0.000000000000000000
0.000000000000000000
0.000000000000000000
0.000000000000000000
0.000000000000000000
0.000000000000000000
0.000000000000000000
0.000000000000000000
0.000000000000000000
0.000000000000000000
0.000000000000000000
0.000000000000000000
0.000000000000000000
0.000000000000000000
0.000000000000000000
0.000000000000000000
0.000000000000000000
0.000000000000000000
0.000000000000000000
0.000000000000000000
0.000000233337240598
0.000000000000000000
0.000000000000000000
0.000000000000000000
0.000000000000000000
0.000000000000000000
0.000000000000000000
0.000000131225660260
0.000000000000000000
0.000000000000000000
0.000000000000000000
0.000000000000000000
0.000000000000000000
0.000000000000000000
0.000024734073104212

ekf0
0.000000000000000000
0.000000000000000000
0.000000000000000000
-0.000021624284973083
0.000016216574085503
0.000222637105555124

Racc
0.001248586976052910
0.000000000000000000
0.000000000000000000
0.000000000000000000
0.000252478648247427
0.000000000000000000
0.000000000000000000
0.000000000000000000
0.000378991483410112

Rgyr
0.000045548270489699
0.000000000000000000
0.000000000000000000
0.000000000000000000
0.000000828972725265
0.000000000000000000
0.000000000000000000
0.000000000000000000
0.000023032107985433

Rmag
0.739267836741775319
0.000000000000000000
0.000000000000000000
0.000000000000000000
1.080177005817015035
0.000000000000000000
0.000000000000000000
0.000000000000000000
0.000045548270489699

acc0
-1.084454066162108710
-0.799570085449218260
9.752800946044931862

gyr0
-0.000888696855759441
0.002601642068898407
0.001369930064736761

mag0
-0.300593396499321375
-0.366803163389613662
0.000888696855759441

Rekf
0.000000000000000000
0.000000000000000000
0.000000000000000000
0.000000000000000000
0.000000000000000000
0.000000000000000000
0.000000000000000000
0.000000000000000000
0.000000000000000000
0.000000000000000000
0.000000000000000000
0.000000000000000000
0.000000000000000000
0.000000000000000000
0.000000000000000000
0.000000000000000000
0.000000000000000000
0.000000000000000000
0.000000000000000000
0.000000000000000000
0.000000000000000000
0.000000363068624254
0.000000000000000000
0.000000000000000000
0.000000000000000000
0.000000000000000000
0.000000000000000000
0.000000000000000000
0.000000665470457866
0.000000000000000000
0.000000000000000000
0.000000000000000000
0.000000000000000000
0.000000000000000000
0.000000000000000000
0.000029194349151525

ekf0
0.000000000000000000
0.000000000000000000
0.000000000000000000
0.000026973921357015
-0.000036518599808797
-0.000241879535559532

Racc
0.000406948831941323
0.000000000000000000
0.000000000000000000
0.000000000000000000
0.000232341338670104
0.000000000000000000
0.000000000000000000
0.000000000000000000
0.001454094317611419

Rgyr
0.000045543386999094
0.000000000000000000
0.000000000000000000
0.000000000000000000
0.000059006168295692
0.000000000000000000
0.000000000000000000
0.000000000000000000
0.000007763245474716

Rmag
0.346946833819673950
0.000000000000000000
0.000000000000000000
0.000000000000000000
1.759552267399605574
0.000000000000000000
0.000000000000000000
0.000000000000000000
0.000045543386999094

acc0
-1.103010677490234626
0.024776477050781242
8.902201376953142287

gyr0
0.000368048862648950
-0.000229298169855823
0.001586711377469210

mag0
-0.192863788292511967
-0.473035950140932027
-0.000368048862648950

Rekf
0.000000000000000000
0.000000000000000000
0.000000000000000000
0.000000000000000000
0.000000000000000000
0.000000000000000000
0.000000000000000000
0.000000000000000000
0.000000000000000000
0.000000000000000000
0.000000000000000000
0.000000000000000000
0.000000000000000000
0.000000000000000000
0.000000000000000000
0.000000000000000000
0.000000000000000000
0.000000000000000000
0.000000000000000000
0.000000000000000000
0.000000000000000000
0.000000028448771797
0.000000000000000000
0.000000000000000000
0.000000000000000000
0.000000000000000000
0.000000000000000000
0.000000000000000000
0.000000002666528790
0.000000000000000000
0.000000000000000000
0.000000000000000000
0.000000000000000000
0.000000000000000000
0.000000000000000000
0.000001882063073792

ekf0
0.000000000000000000
0.000000000000000000
0.000000000000000000
-0.000007550600421612
-0.000002311654184830
0.000061413919322562

Racc
0.000400200295631433
0.000000000000000000
0.000000000000000000
0.000000000000000000
0.000202245163613266
0.000000000000000000
0.000000000000000000
0.000000000000000000
0.001510520026833525

Rgyr
0.000027106204226325
0.000000000000000000
0.000000000000000000
0.000000000000000000
0.000020846883851874
0.000000000000000000
0.000000000000000000
0.000000000000000000
0.000021427995048710

Rmag
1.124722362151446831
0.000000000000000000
0.000000000000000000
0.000000000000000000
0.857254299845413459
0.000000000000000000
0.000000000000000000
0.000000000000000000
0.000027106204226325

acc0
-1.095731015624999971
-0.839327409667968261
8.893420037841801573

gyr0
0.000579770169310250
0.001171258247416849
0.001304948934138826

mag0
-0.363132456274232907
-0.310279272618663005
-0.000579770169310250

Rekf
0.000000000000000000
0.000000000000000000
0.000000000000000000
0.000000000000000000
0.000000000000000000
0.000000000000000000
0.000000000000000000
0.000000000000000000
0.000000000000000000
0.000000000000000000
0.000000000000000000
0.000000000000000000
0.000000000000000000
0.000000000000000000
0.000000000000000000
0.000000000000000000
0.000000000000000000
0.000000000000000000
0.000000000000000000
0.000000000000000000
0.000000000000000000
0.000000097155639302
0.000000000000000000
0.000000000000000000
0.000000000000000000
0.000000000000000000
0.000000000000000000
0.000000000000000000
0.000000092394177201
0.000000000000000000
0.000000000000000000
0.000000000000000000
0.000000000000000000
0.000000000000000000
0.000000000000000000
0.000009228283746852

ekf0
0.000000000000000000
0.000000000000000000
0.000000000000000000
0.000013953518551423
-0.000013607302147974
-0.000135991009272337

